1 0.5462628100961539 0.5365440456730769 0.5353728365384616 0.5365440456730769 0.5290203509615384 0.5425943846153847 0.5199453725961539 0.5486447235576923 0.5163153822115384 0.5595353341346153 0.5163153822115384 0.569215875 0.519037875 0.5752662139423077 0.525390360576923 0.5788964182692308 0.5328244158653846 0.5825266225961538 0.5399103245192308 0.5801064855769231 0.551707798076923 0.5704259447115384 0.5553377884615385 0.56195546875 0.5571527836538461 0.5498547908653847 0.5562452860576923 0.5389641826923077 0.5462628100961539 0.5365440456730769
1 0.3883581875 0.29211035817307696 0.3820057043269231 0.28848015384615383 0.3729307259615385 0.28484995192307694 0.3683932355769231 0.28848015384615383 0.3602257548076923 0.29453049278846155 0.35750326201923077 0.3017909014423077 0.35659576442307694 0.310261375 0.3603480168269231 0.31752178124999997 0.36567074278846157 0.32115198557692304 0.37383822355769236 0.32236205288461534 0.3810982043269231 0.31752178124999997 0.3865431923076923 0.310261375 0.3892656850961539 0.3005808317307692 0.3883581875 0.29211035817307696
1 0.3311858245192308 0.3647144230769231 0.32755583413461536 0.3622942884615385 0.32120334855769234 0.3635043557692308 0.31485086298076925 0.3647144230769231 0.3094058774038461 0.3707647620192308 0.30577588461538463 0.3780251682692307 0.3030533918269231 0.3864956442307692 0.3030533918269231 0.39254598317307693 0.30577588461538463 0.3985963221153846 0.3094058774038461 0.40101645673076924 0.31586726201923077 0.40222652403846154 0.3239258413461539 0.40101645673076924 0.32937082932692313 0.3937560504807692 0.3330008197115385 0.3864956442307692 0.33390831730769227 0.3743949663461539 0.3330008197115385 0.36713456009615386 0.3311858245192308 0.3647144230769231
1 0.4056006466346154 0.41795740625 0.39743316586538463 0.41795740625 0.3892656850961539 0.41795740625 0.38472819711538464 0.4264278798076923 0.38382069951923076 0.43731849038461534 0.38382069951923076 0.4409486923076923 0.38939667307692305 0.44578896394230766 0.3956181706730769 0.44941916826923073 0.40469314903846154 0.4482090985576923 0.4101381370192308 0.43731849038461534 0.4101381370192308 0.42763794711538466 0.4092306394230769 0.42037754086538465 0.4056006466346154 0.41795740625
1 0.8312171298076922 0.3090513076923077 0.8176046610576923 0.3090513076923077 0.8121596754807693 0.3138915769230769 0.8121596754807693 0.32720232451923076 0.81941965625 0.3344627307692308 0.825772141826923 0.33809293269230767 0.8305731442307691 0.34172313701923074 0.8430146009615385 0.34172313701923074 0.8502745841346153 0.33688286538461537 0.8548120721153847 0.32962245913461535 0.8484595889423077 0.31994191586538456 0.8402921081730769 0.31268150961538466 0.8312171298076922 0.3090513076923077
1 0.6252151225961539 0.7083736682692308 0.6252151225961539 0.7241045504807692 0.6279376153846153 0.7277347524038462 0.6333826009615385 0.7349951586538462 0.6442725769230768 0.7398354302884615 0.6460875721153846 0.7410454975961538 0.6469950697115384 0.7410454975961538 0.6526501225961538 0.7362052283653846 0.656977545673077 0.7265246850961538 0.6551625504807692 0.7132139399038462 0.6469950697115384 0.7035333990384616 0.6388275889423076 0.6999031947115385 0.6306601081730769 0.6999031947115385 0.6252151225961539 0.7083736682692308
1 0.8938344783653847 0.48330106490384617 0.8847595 0.48330106490384617 0.879314514423077 0.4905614711538462 0.879314514423077 0.5026621490384615 0.885667 0.5099225552884615 0.8892969903846153 0.5111326225961539 0.8977481610576923 0.5123426923076922 0.9056319519230769 0.5075024206730769 0.9092619423076923 0.5050822836538461 0.9092619423076923 0.4929816057692307 0.904724454326923 0.48693126923076924 0.8992794663461539 0.48330106490384617 0.8938344783653847 0.48330106490384617
1 0.020821567307692305 0.3586640841346154 0.01446908173076923 0.3635043557692308 0.009931593749999999 0.36834462740384616 0.007209098557692307 0.3756050336538461 0.007209098557692307 0.38165537259615384 0.007209098557692307 0.3864956442307692 0.008116596153846155 0.3877057115384615 0.015395221153846153 0.3877057115384615 0.021729064903846153 0.38407550721153844 0.02808155048076923 0.3792352379807692 0.029896545673076924 0.3695546947115385 0.028989048076923075 0.3622942884615385 0.025359055288461538 0.3586640841346154 0.020821567307692305 0.3586640841346154
1 0.020821567307692305 0.43489835336538457 0.020821567307692305 0.439738625 0.03080404326923077 0.4482090985576923 0.035341531249999995 0.44699903124999996 0.04260151442307692 0.439738625 0.04350901201923077 0.4336882860576923 0.04441650961538461 0.43005808413461544 0.04441650961538461 0.4240077451923077 0.04260151442307692 0.41795740625 0.04807495913461538 0.4240077451923077 0.03897152403846154 0.41311713461538463 0.034434033653846154 0.41311713461538463 0.02808155048076923 0.41311713461538463 0.024451557692307693 0.41916747355769235 0.020821567307692305 0.42763794711538466 0.020821567307692305 0.43489835336538457
1 0.08253141826923077 0.3090513076923077 0.07890142788461539 0.31510164663461543 0.07799393028846155 0.31873184855769227 0.07617893509615384 0.32236205288461534 0.0752714375 0.3235721201923077 0.07436393990384615 0.32962245913461535 0.07436393990384615 0.3344627307692308 0.07436393990384615 0.33688286538461537 0.07799393028846155 0.3429332043269231 0.08801686298076923 0.3356727980769231 0.09160639663461538 0.33083252644230765 0.09523638942307693 0.3235721201923077 0.09523638942307693 0.31873184855769227 0.09251389423076922 0.310261375 0.08888390384615384 0.3090513076923077 0.08253141826923077 0.3090513076923077
1 0.7903797259615384 0.15658276923076922 0.7894722283653847 0.15174249759615385 0.7822122451923076 0.14932236298076923 0.7776747572115384 0.14932236298076923 0.7722297692307692 0.14932236298076923 0.7704147740384616 0.14690222596153846 0.7667847836538461 0.14932236298076923 0.7631547908653846 0.15658276923076922 0.7631547908653846 0.1686834471153846 0.7640622908653847 0.17473378605769233 0.7658772860576923 0.17836398798076925 0.7695072764423077 0.17836398798076925 0.7751991418269231 0.17473378605769233 0.7813047475961539 0.17352371634615385 0.7813047475961539 0.17231364903846155 0.7849347403846154 0.16989351442307693 0.7894722283653847 0.16747337740384616 0.7921947235576923 0.16142304086538461 0.7903797259615384 0.15658276923076922
1 0.05167649278846154 0.26911906971153843 0.048954000000000004 0.2800096802884615 0.048954000000000004 0.28484995192307694 0.05533712259615385 0.2836398846153846 0.06075147115384615 0.2800096802884615 0.06710395673076923 0.27516940865384615 0.06891895192307693 0.26669893509615383 0.06619645913461539 0.2570183942307692 0.05712148076923077 0.26064859615384617 0.05167649278846154 0.26911906971153843