1 0.5442350408653847 0.55710784375 0.5332170432692307 0.55710784375 0.5267898774038462 0.5632352932692307 0.5176082139423077 0.5693627451923077 0.5139355480769231 0.5803921562500001 0.5139355480769231 0.5901960793269231 0.5166900480769231 0.5963235288461538 0.5231172115384616 0.6 0.5306386610576923 0.6036764711538462 0.5378078749999999 0.6012254903846154 0.5497440384615385 0.5914215697115385 0.5534167043269231 0.5828431370192309 0.5552530384615385 0.5705882355769231 0.5543348701923076 0.5595588245192308 0.5442350408653847 0.55710784375
1 0.3844740817307692 0.3095588245192307 0.37804691586538464 0.3058823533653846 0.36886525240384616 0.30220588221153843 0.3642744206730769 0.3058823533653846 0.3560109230769231 0.3120098028846154 0.35325642307692307 0.31936274519230773 0.35233825721153844 0.32794117548076923 0.35613462019230774 0.3352941177884615 0.3615199206730769 0.3389705889423077 0.3697834182692308 0.3401960793269231 0.37712875 0.3352941177884615 0.3826377475961538 0.32794117548076923 0.3853922475961538 0.31813725480769234 0.3844740817307692 0.3095588245192307
1 0.3266295961538462 0.3830882355769231 0.32295693028846156 0.38063725480769234 0.3165297644230769 0.38186274519230773 0.31010260096153847 0.3830882355769231 0.3045936009615385 0.38921568509615384 0.3009209375 0.39656862740384613 0.2981664375 0.4051470576923077 0.2981664375 0.4112745096153846 0.3009209375 0.41740196153846154 0.3045936009615385 0.4198529423076923 0.31113094711538464 0.4210784302884615 0.3192842644230769 0.4198529423076923 0.32479326442307693 0.4125 0.32846593028846155 0.4051470576923077 0.3293840961538462 0.39289215625 0.32846593028846155 0.38553921634615385 0.3266295961538462 0.3830882355769231
1 0.4019192427884616 0.4370098028846154 0.39365574519230767 0.4370098028846154 0.3853922475961538 0.4370098028846154 0.38080141586538463 0.4455882355769231 0.37988325 0.4566176466346154 0.37988325 0.4602941177884615 0.3855247740384616 0.4651960793269231 0.3918194134615384 0.4688725480769231 0.40100107692307696 0.4676470576923077 0.40651007692307695 0.4566176466346154 0.40651007692307695 0.44681372596153845 0.40559190865384614 0.43946078365384617 0.4019192427884616 0.4370098028846154
1 0.8325393004807692 0.32671568509615384 0.8187668028846153 0.32671568509615384 0.8132578052884616 0.3316176466346154 0.8132578052884616 0.34509803846153847 0.8206031370192307 0.35245098076923076 0.8270303004807692 0.35612745192307693 0.8318877427884614 0.35980392067307687 0.8444754639423077 0.35980392067307687 0.851820795673077 0.35490196153846154 0.8564116274038462 0.3475490192307692 0.8499844615384615 0.3377450985576923 0.8417209639423077 0.33039215625 0.8325393004807692 0.32671568509615384
1 0.6241155192307691 0.7311274519230769 0.6241155192307691 0.7470588245192308 0.6268700192307691 0.7507352932692307 0.6323790168269231 0.7580882355769231 0.643397014423077 0.7629901971153846 0.6452333485576923 0.7642156850961539 0.646151514423077 0.7642156850961539 0.6518730480769231 0.7593137259615385 0.6562513461538462 0.7495098028846154 0.6544150120192308 0.7360294110576924 0.646151514423077 0.7262254903846154 0.6378880168269231 0.7225490192307693 0.6296245192307693 0.7225490192307693 0.6241155192307691 0.7311274519230769
1 0.8958927836538462 0.5031862740384615 0.8867111201923077 0.5031862740384615 0.8812021201923077 0.5105392163461538 0.8812021201923077 0.5227941177884615 0.8876292860576923 0.5301470576923077 0.8913019519230769 0.5313725480769231 0.8998524759615385 0.5325980384615385 0.9078289471153845 0.5276960793269231 0.9115016129807691 0.5252450985576923 0.9115016129807691 0.5129901971153846 0.9069107812499999 0.5068627451923077 0.9014017812499999 0.5031862740384615 0.8958927836538462 0.5031862740384615
1 0 0.4063725480769231 0.007126538461538462 0.4063725480769231 0.013534843749999999 0.4026960793269231 0.019962009615384614 0.3977941177884615 0.021798341346153847 0.3879901971153846 0.020880175480769227 0.38063725480769234 0.017207509615384618 0.37696078365384617 0.012616677884615384 0.37696078365384617 0.006189512019230769 0.38186274519230773 0.0015986802884615384 0.38676470673076924 0 0.3910322692307692 0 0.4063725480769231
1 0.012616677884615384 0.4541666658653846 0.012616677884615384 0.45906862740384613 0.022716507211538464 0.4676470576923077 0.027307341346153848 0.4664215697115385 0.034652670673076924 0.45906862740384613 0.03557083894230769 0.45294117548076923 0.03648900480769231 0.44926470673076924 0.03648900480769231 0.44313725480769234 0.034652670673076924 0.4370098028846154 0.04019046153846154 0.44313725480769234 0.030980004807692307 0.43210784375 0.026389173076923074 0.43210784375 0.019962009615384614 0.43210784375 0.016289343749999997 0.4382352932692308 0.012616677884615384 0.44681372596153845 0.012616677884615384 0.4541666658653846
1 0.0750519951923077 0.32671568509615384 0.07137932932692308 0.3328431370192308 0.07046116346153847 0.3365196081730769 0.06862482932692307 0.3401960793269231 0.06770666346153846 0.3414215697115385 0.06678849759615385 0.3475490192307692 0.06678849759615385 0.35245098076923076 0.06678849759615385 0.35490196153846154 0.07046116346153847 0.36102941105769226 0.08060192548076922 0.35367647115384615 0.08423365865384615 0.3487745096153846 0.08790632451923078 0.3414215697115385 0.08790632451923078 0.3365196081730769 0.08515182451923077 0.32794117548076923 0.08147915865384615 0.32671568509615384 0.0750519951923077 0.32671568509615384
1 0.7912218100961539 0.17230392067307693 0.7903036442307693 0.16740196153846154 0.7829583125 0.16495098076923076 0.7783674807692308 0.16495098076923076 0.7728584807692307 0.16495098076923076 0.7710221490384614 0.16249999999999998 0.7673494831730768 0.16495098076923076 0.7636768173076922 0.17230392067307693 0.7636768173076922 0.18455882451923078 0.7645949831730768 0.19068627403846156 0.7664313173076922 0.19436274519230767 0.7701039831730768 0.19436274519230767 0.7758627620192308 0.19068627403846156 0.7820401466346154 0.18946078365384617 0.7820401466346154 0.18823529326923077 0.7857128125 0.18578431490384617 0.7903036442307693 0.1833333341346154 0.7930581442307693 0.17720588221153846 0.7912218100961539 0.17230392067307693
1 0.04383433653846154 0.28627450961538464 0.04107983653846154 0.2973039206730769 0.04107983653846154 0.30220588221153843 0.047538000000000004 0.30098039182692304 0.053016 0.2973039206730769 0.05944316586538461 0.29240196153846154 0.061279497596153844 0.28382352884615386 0.058525 0.2740196081730769 0.049343334134615384 0.2776960793269231 0.04383433653846154 0.28627450961538464