1 0.44266538942307687 0.5350919663461539 0.4417578918269231 0.5459825745192307 0.44357288701923075 0.5580832524038462 0.4472028774038461 0.5665537259615385 0.4590003485576923 0.5762342692307693 0.46608625961538463 0.5786544038461539 0.47352031490384616 0.5750242019230769 0.4798728004807692 0.5713939975961538 0.4825952932692308 0.5653436586538462 0.4825952932692308 0.5556631177884616 0.47896530288461536 0.5447725072115385 0.4698903245192308 0.5387221682692307 0.46353783894230766 0.532671829326923 0.4526478653846154 0.532671829326923 0.44266538942307687 0.5350919663461539
1 0.6096449903846154 0.2967086153846154 0.612367483173077 0.3063891586538462 0.6178124687500001 0.31364956490384616 0.6250724519230769 0.3184898365384615 0.6332399326923077 0.31727976682692305 0.6385626586538462 0.31364956490384616 0.6423149110576923 0.3063891586538462 0.6414074134615385 0.2979186826923077 0.6386849206730769 0.2906582764423077 0.6305174399038461 0.2846079375 0.6259799495192309 0.28097773557692307 0.6169049711538462 0.2846079375 0.6105524879807692 0.2882381418269231 0.6096449903846154 0.2967086153846154
1 0.6659098557692308 0.36326234375 0.6650023557692308 0.37052275 0.6659098557692308 0.3826234278846154 0.6695398461538461 0.3898838341346154 0.6749848341346154 0.3971442403846154 0.6830434134615384 0.39835430769230773 0.6895047980769231 0.3971442403846154 0.6931347908653845 0.39472410336538466 0.6958572836538461 0.38867376682692306 0.6958572836538461 0.3826234278846154 0.6931347908653845 0.3741529519230769 0.6895047980769231 0.3668925456730769 0.6840598124999999 0.3608422067307692 0.6777073269230769 0.3596321394230769 0.6713548413461539 0.35842207211538457 0.6677248509615384 0.3608422067307692 0.6659098557692308 0.36326234375
1 0.5896800360576923 0.4165053245192307 0.5887725384615384 0.42376573076923074 0.5887725384615384 0.43344627403846153 0.5942175264423077 0.44433688221153844 0.6032925048076924 0.4455469495192308 0.6095140024038461 0.44191674759615385 0.6150899759615385 0.4370764759615385 0.6150899759615385 0.43344627403846153 0.6141824783653846 0.42255566346153844 0.6096449903846154 0.41408518990384613 0.6014775096153846 0.41408518990384613 0.5933100288461538 0.41408518990384613 0.5896800360576923 0.4165053245192307
1 0.15861856730769233 0.30880929326923073 0.15045108653846154 0.31606969951923075 0.14409860336538463 0.32575024278846154 0.14863609134615385 0.33301064903846156 0.15589607451923077 0.3378509206730769 0.16833753125 0.3378509206730769 0.17313853365384618 0.33422071634615386 0.1794910192307692 0.3305905120192308 0.186751 0.32333010576923077 0.186751 0.3100193605769231 0.18130601442307695 0.30517908894230766 0.16769354567307693 0.30517908894230766 0.15861856730769233 0.30880929326923073
1 0.36825056730769234 0.6960309783653845 0.36008308653846155 0.6960309783653845 0.3519156057692308 0.6996611802884616 0.343748125 0.7093417235576923 0.3419331298076923 0.72265246875 0.3462605528846154 0.7323330096153846 0.3519156057692308 0.73717328125 0.3528231033653846 0.73717328125 0.3546380985576923 0.7359632139423078 0.36552807451923075 0.7311229423076924 0.37097306009615383 0.7238625360576924 0.37369555288461537 0.7202323341346154 0.37369555288461537 0.704501451923077 0.36825056730769234 0.6960309783653845
1 0.09963120913461537 0.4794288485576923 0.09418622115384616 0.4830590504807692 0.08964873317307692 0.4891093894230769 0.08964873317307692 0.5012100673076924 0.09327872355769232 0.5036302043269231 0.10116251442307693 0.5084704735576924 0.10961368509615385 0.50726040625 0.11324367548076923 0.5060503389423077 0.11959616105769232 0.4987899326923077 0.11959616105769232 0.4866892548076923 0.11415117548076922 0.4794288485576923 0.10507619711538461 0.4794288485576923 0.09963120913461537 0.4794288485576923
1 0.9735516201923077 0.3547918677884615 0.9699216274038461 0.35842207211538457 0.9690141298076923 0.3656824783653846 0.970829125 0.3753630192307692 0.977181610576923 0.3802032908653846 0.9835154543269231 0.3838334951923077 0.990794076923077 0.3838334951923077 0.991701576923077 0.3826234278846154 0.991701576923077 0.37778315625 0.991701576923077 0.3717328173076923 0.9889790817307692 0.3644724110576923 0.98444159375 0.3596321394230769 0.9780891081730769 0.3547918677884615 0.9735516201923077 0.3547918677884615
1 0.9780891081730769 0.42376573076923074 0.9744591177884616 0.4152952572115384 0.970829125 0.4092449182692308 0.964476641826923 0.4092449182692308 0.9599391514423077 0.4092449182692308 0.9508357163461538 0.42013552644230767 0.9563091610576924 0.41408518990384613 0.9544941658653846 0.42013552644230767 0.9544941658653846 0.4261858653846154 0.9554016634615384 0.42981606971153846 0.9563091610576924 0.4358664086538461 0.9635691442307692 0.44312681490384614 0.9681066322115384 0.44433688221153844 0.9780891081730769 0.4358664086538461 0.9780891081730769 0.43102613701923076 0.9780891081730769 0.42376573076923074
1 0.9100267716346154 0.30517908894230766 0.9063967788461539 0.3063891586538462 0.9036742860576923 0.31485963221153845 0.9036742860576923 0.3196999038461538 0.9073042788461538 0.32696031009615384 0.9108938125 0.33180058173076926 0.9209167451923077 0.3390609879807692 0.9245467355769231 0.33301064903846156 0.9245467355769231 0.3305905120192308 0.9245467355769231 0.32575024278846154 0.9236392379807692 0.3196999038461538 0.9227317403846154 0.3184898365384615 0.9209167451923077 0.31485963221153845 0.9200092475961538 0.3112294278846154 0.9163792548076923 0.30517908894230766 0.9100267716346154 0.30517908894230766
1 0.20671595192307693 0.1575508221153846 0.20943844711538462 0.1636011610576923 0.21397593509615384 0.16602129807692306 0.21760592788461539 0.16844143269230769 0.21760592788461539 0.1696515 0.22371153365384616 0.1708615673076923 0.22940339903846155 0.17449177163461538 0.23303338942307691 0.17449177163461538 0.23484838461538463 0.1708615673076923 0.23575588461538463 0.16481122836538462 0.23575588461538463 0.15271055288461538 0.23212589182692306 0.14545014423076924 0.2284959014423077 0.14303000961538462 0.22668090624999998 0.14545014423076924 0.22123591826923078 0.14545014423076924 0.21669843028846153 0.14545014423076924 0.20943844711538462 0.14787028125 0.20853094951923076 0.15271055288461538 0.20671595192307693 0.1575508221153846
1 0.9417891947115385 0.2567763798076923 0.9327142163461539 0.25314617548076923 0.9299917235576923 0.26282671875 0.93180671875 0.27129719230769234 0.938159204326923 0.2761374639423077 0.9435735528846153 0.2797676658653846 0.9499566754807692 0.28097773557692307 0.9499566754807692 0.2761374639423077 0.9472341826923076 0.2652468533653846 0.9417891947115385 0.2567763798076923